#Pesos entrada capa oculta 
DATA1 
0.1260277097090837, 0.4617192505966723, -0.07313799374446904, 0.2793448886616351, -0.1971301268642185, -0.2048542482183936, 0.3005634173816989, 0.14812348537672426
-0.3098258936997356, 0.4434375389769365, 0.06585186880688529, 0.3884976628225859, -0.4562681255773557, -0.1358870221663706, 0.14142213610803478, -0.49224000566363435
0.029808095927201725, 0.18204692454871585, -0.13567301822136674, -0.4429988221719896, 0.10187453740078642, -0.4418153001092711, -0.07335675586024405, -0.29790329239440416
0.057874045787910694, 0.4447246107945887, 0.4122710886512799, 0.20573198688183844, 0.2489903458192629, -0.04512512043328141, -0.3960882289607207, 0.31767056948457023
0.4469195562247067, -0.2678786134080724, -0.44787876230025286, -0.1561938307188416, 0.25604418342476815, -0.28420753914500674, 0.25132316646211905, -0.1778847066127763
0.3534204546085212, 0.2630694984892309, 0.15414463995912278, -0.3416744494333453, -0.37414922541062673, 0.2034754224338026, 0.15491799974233303, 0.05497531234622617
-0.3228016765715067, 0.4010018759759333, 0.16872192451630125, -0.03284595456844776, -0.1273304581688316, 0.44818783389603734, 0.35247069926926156, 0.403708797271963
#Pesos capa oculta capa salida 
DATA2 
-0.8239577015848452, -0.7335710032611223, -0.3555352203887216, -0.7252568584000977, 0.2973190144227161, -0.24102211469368254, -0.3001443749925933
-0.4219084408396446, -0.33840656383307155, -0.5659640258188151, -0.5706758144267072, 0.05759181994028738, -0.2892794839188622, -0.9142419567735786
-0.22263847356468264, -0.28293542806396177, -0.7800420056471146, -0.5208102909295023, 0.44262721082221956, -1.0269999128521567, -0.6767324211647596
0.3774484545688453, -0.20123812389150486, 0.23590241588897082, -0.20992293143255497, -0.3055580460302778, 0.4733031134698176, 0.14342697333308163

